0, Data/Map/Tower/Map15/Map15.mesh
0.0, 0.0, 0.0
1, Data/Map/Tower/Map15/Test_Collision.mesh
0.0, 0.0, 0.0
0, Data/Map/Tower/Map15/Table.mesh
0.0, 0.0, 0.0
2, -4.45, -0.0, -13.52, 4.45, 3.56, 13.52
0, Data/Map/Tower/Map15/Bed.mesh
20.2, 0.0, -14.8
2, -5.0, 0.0, -8.0, 5.0, 6.0, 8.0
0, Data/Map/Tower/Map15/Desk.mesh
19.7, 0.0, 14.3
2, -3.7, 0.0, -4.6, 3.7, 11.0, 4.6
0, Data/Map/Tower/Map15/Drawer.mesh
-19.2, 0.0, -16.0
2, -4.75, 0.0, -7.4, 4.75, 12.6, 7.4
0, Data/Map/Tower/Map15/Book.mesh
-19.1, 0.0, 12.0
2, -2.25, 0.0, -6.35, 2.25, 10.9, 6.35
0, Data/Map/Tower/Map15/Chair.mesh
-19.4, 0.0, 24.1
2, -2.8, 0.0, -2.8, 2.8, 6.4, 2.8
3, -20.0, 0.05, -5.0, -10.0, 0.05, 5.0
3, 10.0, 0.05, -5.0, 20.0, 0.05, 5.0
3, -15.0, 0.05, 15.0, -5.0, 0.05, 25.0
3, 5.0, 0.05, 15.0, 15.0, 0.05, 25.0
-1