0, Data/Map/Tower/Map19/Map19.mesh
0.0, 0.0, 0.0
1, Data/Map/Tower/Map19/Test_Collision.mesh
0.0, 0.0, 0.0
0, Data/Map/Tower/Map19/Swing.mesh
-7.7, 0.0, 0.5
2, -1.8, 0.0, -1.6, 1.8, 5.9, 1.6
0, Data/Map/Tower/Map19/Swing.mesh
-7.7, 0.0, 8.5
2, -1.8, 0.0, -1.6, 1.8, 5.9, 1.6
0, Data/Map/Tower/Map19/Swing.mesh
-12.6, 0.0, 0.5
2, -1.8, 0.0, -1.6, 1.8, 5.9, 1.6
0, Data/Map/Tower/Map19/Swing.mesh
-12.6, 0.0, 8.5
2, -1.8, 0.0, -1.6, 1.8, 5.9, 1.6
3, -25.0, 0.05, -20.0, -15.0, 0.05, -10.0
3, 15.0, 0.05, -20.0, 25.0, 0.05, -10.0
3, -15.0, 0.05, 15.0, -5.0, 0.05, 25.0
3, 5.0, 0.05, 15.0, 15.0, 0.05, 25.0
-1