0, Data/Map/Tower/Map10/Map10.mesh
0.0, 0.0, 0.0
1, Data/Map/Tower/Map10/Test_Collision.mesh
0.0, 0.0, 0.0
0, Data/Map/Tower/Map10/Aeon.mesh
-16.0, 0.0, -10.5
2, -5.5, 0.0, -2.6, 5.5, 3.3, 2.6
0, Data/Map/Tower/Map10/Restaurant.mesh
0.0, 0.0, -9.1
2, -3.35, 0.0, -2.0, 3.35, 5.8, 2.0
0, Data/Map/Tower/Map10/711.mesh
0.3, 0.0, 11.1
2, -4.1, 0.0, -1.9, 4.1, 3.8, 1.9
0, Data/Map/Tower/Map10/FamilyMart.mesh
10.5, 0.0, 11.1
2, -4.15, 0.0, -1.9, 4.15, 3.8, 1.9
0, Data/Map/Tower/Map10/Lowson.mesh
20.7, 0.0, 10.8
2, -4.1, 0.0, -1.9, 4.1, 3.8, 1.9
3, -5.0, 0.05, -5.0, 5.0, 0.05, 5.0
3, -25.0, 0.05, 5.0, -15.0, 0.05, 10.0
3, -25.0, 0.05, 15.0, -15.0, 0.05, 25.0
3, 15.0, 0.05, 15.0, 25.0, 0.05, 25.0
-1